# mzPAF annotation of mzspec:PXD000966:CPTAC_CompRef_00_iTRAQ_05_2Feb12_Cougar_11-10-09.mzML:scan:12298:[iTRAQ4plex]-LHFFM[Oxidation]PGFAPLTSR/3
   0  108.9423    3117.3  ?
   1  110.0709   12000.7  IH/3.7ppm
   2  112.0865    3669.6  IR-NH3/4.1ppm
   3  112.5031    2988.3  ?
   4  114.1105   44635.6  r[iTRAQ114]/1.9ppm
   5  115.1076   40383.5  r[iTRAQ115]/1.3ppm
   6  116.1109   52311.8  r[iTRAQ116]/1.7ppm
   7  117.1143   50152.2  r[iTRAQ117]/1.3ppm
   8  120.0806   77135.1  IF/1.7ppm
   9  121.0837    4419.1  IF+i/-1.9ppm
  10  123.7574    2746.3  ?
  11  127.0859    4131.1  m6:7-CO/5.7ppm
  12  136.0755    4514.8  0@IY/1.7ppm
  13  141.1038    3487.3  m9:10-CO/-10.8ppm
  14  141.4666    3062.7  ?
  15  145.1088   38856.9  r[iTRAQ4Nterm_1167]/4.0ppm
  16  155.0818   22803.6  m6:7/-1.6ppm
  17  163.1175    6162.8  r[iTRAQ4Nterm_H2O]/15.0ppm
  18  175.1190   30467.9  IR+CO+H2O/-0.0ppm
  19  183.1496    8295.3  m10:11-CO/-2.0ppm
  20  184.0730    4666.7  ?
  21  197.0927    4970.7  ?
  22  201.1239    4476.6  0@_{a2(DL)}/-2.4ppm
  23  210.1141    3095.2  m7:13-CO-H2O^3/28.2ppm
  24  211.1441    9040.6  m10:11/0.3ppm
  25  214.0867    5660.3  ?
  26  215.1384    5738.8  m11:12/3.2ppm
  27  228.1800    3480.7  0@_{a2(RV)}/8.5ppm
  28  230.1984   12951.3  a1/0.7ppm
  29  234.1990    2852.4  ?
  30  245.0949    6694.3  m5:6/2.5ppm
  31  257.6661    4295.2  a3^2/2.0ppm
  32  258.1933   32967.1  b1/0.7ppm
  33  269.1807    2865.3  ?
  34  270.3170    2561.0  ?
  35  271.6640   18928.3  b3^2/0.3ppm
  36  272.1663    3779.5  b3+i^2/4.9ppm
  37  274.1550   19129.1  m6:8-CO/0.3ppm
  38  280.1777   12056.9  ?
  39  283.9720    2729.0  ?
  40  287.1718   18884.0  y5^2/-1.2ppm
  41  291.2153   50813.8  ?
  42  294.1625    3669.6  m7:12^2/2.1ppm
  43  298.1771    3372.1  ?
  44  302.1498   15621.4  m6:8/0.7ppm
  45  308.0895    2543.3  ?
  46  312.1171    3231.3  ?
  47  312.1765   38615.8  ?
  48  315.2155   12542.4  ?
  49  327.6682    3650.7  ?
  50  330.1689    2397.5  ?
  51  330.1980    3225.2  ?
  52  331.2008   60849.5  a4^2/0.1ppm
  53  331.7030   18420.4  ?
  54  345.1982   50793.0  b4^2/0.3ppm
  55  345.7009    8939.9  b4+i^2/6.2ppm
  56  346.1723    4276.0  y3-NH3/-0.3ppm
  57  348.2327    4755.4  ?
  58  363.2004   13344.8  y3/-4.5ppm
  59  364.7236    4222.7  ?
  60  373.1874   10684.7  m6:9/-0.7ppm
  61  375.5344    4851.0  ?
  62  377.1982    8459.8  m6:13-H2O^2/5.4ppm
  63  386.7168   10165.3  b5-CH4OS^2/0.2ppm
  64  387.4461    2919.1  ?
  65  390.2814   13004.5  ?
  66  395.2527   40088.4  b2/-0.7ppm
  67  396.2564    3894.4  b2+i/1.1ppm
  68  400.3040   40424.2  ?68
  69  401.3079    4517.5  ?68+i/1.6ppm
  70  404.2900    3602.5  ?
  71  417.7106    7001.7  ?
  72  418.7160   93576.5  b5^2/0.1ppm
  73  419.2173   34658.0  ?
  74  421.2076    2607.7  ?
  75  421.2550    8124.8  ?
  76  422.2457    4325.1  ?
  77  427.2000    3597.8  ?
  78  428.2986   77648.8  ?78
  79  429.3033   13852.5  ?78+i/3.4ppm
  80  446.3106    9820.4  ?
  81  447.3045   12744.6  ?
  82  463.7498    8146.6  ?
  83  464.2627    3496.3  ?
  84  467.2382    3710.0  b6^2/9.0ppm
  85  473.2602    4726.9  y9^2/2.5ppm
  86  476.2846   10027.2  y4/-3.7ppm
  87  477.2783    3386.8  ?
  88  481.7475    6302.5  a7^2/17.0ppm
  89  481.8020    5265.6  ?
  90  486.2665    2867.6  m7:11/9.7ppm
  91  495.7539   20164.9  b7^2/-1.5ppm
  92  496.2554   10930.6  b7+i^2/-0.4ppm
  93  508.2905    3552.6  ?
  94  514.3279   14005.9  a3/-3.8ppm
  95  523.3065    4361.5  m7:12-CO-H2O-H2O/-6.9ppm
  96  531.3292    6252.1  ?
  97  542.3207   62476.4  b3/0.3ppm
  98  543.3235   16613.0  b3+i/-0.8ppm
  99  553.3154   13031.9  m8:13-CO-H2O-H2O/-3.5ppm
 100  553.8143    6250.9  m8:13-CO-H2O-H2O+i^2/-9.8ppm
 101  555.2734    6460.3  ?
 102  556.3076   17524.4  y5-NH3/2.7ppm
 103  561.7930   14728.9  y11-CH4OS-H2O-H2O-NH3^2/-4.7ppm
 104  562.2964   14141.8  y11-CH4OS-H2O-H2O-NH3+i^2/3.8ppm
 105  562.7960   69317.3  y11-CH4OS-H2O-H2O-NH3+2i^2/-1.0ppm
 106  563.2960   19145.3  y11-CH4OS-H2O-H2O-NH3+3i^2/3.2ppm
 107  572.9813   10313.4  m3:14-H2O^3/-16.7ppm
 108  573.3361  114226.9  y5/-0.8ppm
 109  574.3367   25986.2  y5+i/-4.5ppm
 110  575.3681    7681.0  ?110
 111  576.3691    3892.8  ?110+i/-3.8ppm
 112  578.3585    3283.6  ?
 113  583.2952   10073.5  ?
 114  587.8770    4608.8  ?
 115  593.3784  248630.1  2@p/0.0ppm
 116  593.6847   22242.1  3@p/0.0ppm
 117  593.8655    5827.2  4@p/0.0ppm
 118  594.0309   12868.6  5@p/0.0ppm
 119  594.3749  381973.9  2@p+i/-11.3ppm
 120  594.6677    6050.8  y14-CH4OS-H2O-H2O-H2O-NH3^3/-8.0ppm
 121  595.3757   33901.4  2@p+2i/-15.6ppm
 122  600.3534    6070.1  ?
 123  603.3696    4519.3  ?
 124  605.2661   17813.6  ?
 125  609.8541    7498.0  ?
 126  618.3302    6084.1  ?126
 127  618.8439    7172.2  ?
 128  619.3355   27830.2  ?126+i/3.4ppm
 129  630.3157    3959.4  a10-H2O^2/22.1ppm
 130  643.3321    4010.1  ?
 131  644.3731   51546.1  y6/-0.5ppm
 132  645.3739   14473.8  y6+i/-3.7ppm
 133  646.3868    3756.5  y6+2i/11.1ppm
 134  651.3920    6211.2  ?
 135  654.3332   14418.7  ?
 136  655.8768    6249.9  ?
 137  661.3979   10516.0  a4/-5.3ppm
 138  676.3330    3951.0  y12-H2O-NH3^2/-5.9ppm
 139  689.3913   35470.5  b4/-2.9ppm
 140  690.3967    9931.4  b4+i/3.2ppm
 141  697.3649    5096.1  ?
 142  702.3307    3834.3  ?
 143  704.3344   16730.7  ?
 144  710.3924   17917.1  p^3/-2.9ppm
 145  710.8856    7312.4  b12-CH4OS-H2O-NH3^2/-7.1ppm
 146  711.8932    3671.6  b12-CH4OS-H2O-NH3+i^2/6.2ppm
 147  725.3648   10515.3  ?
 148  761.4299    4658.6  ?
 149  770.4587    2983.2  ?
 150  772.4291    7475.0  b5-CH4OS/-3.4ppm
 151  773.4449    4644.7  y7-H2O/-18.4ppm
 152  786.9207    3830.4  ?152
 153  787.4208    5545.7  ?152+i/-3.7ppm
 154  791.4415   41180.7  y7/-0.3ppm
 155  792.4488   12014.2  y7+i/5.3ppm
 156  816.4114    4038.6  ?
 157  817.3958    4087.1  ?
 158  817.9598    4702.8  ?
 159  818.4872    5761.2  ?
 160  826.4135   10271.6  ?
 161  827.4064    3770.1  ?
 162  836.4265   32414.8  b5/-2.1ppm
 163  837.4229    8525.1  b5+i/-10.2ppm
 164  839.4060    3143.1  ?
 165  841.3719    3069.6  ?
 166  848.4612   33658.8  y8/1.8ppm
 167  849.4632    8732.0  y8+i/-1.3ppm
 168  928.4658    4450.7  ?
 169  945.5162  104529.0  y9/-0.7ppm
 170  946.5197   41472.4  y9+i/6.7ppm
 171  953.5753    3988.9  ?
 172  990.4919    5034.4  b7/7.2ppm
 173 1003.5100    3739.4  ?173
 174 1004.5184    3573.6  ?173+i/5.3ppm
 175 1309.0825    3112.5  ?
 176 1438.5021    4478.9  ?
 177 1569.2988    3231.7  ?
 178 1671.3496    3944.7  ?
